# [1]Allele Frequency	[2]Depth	[3]Number of hets (median)	[4]Number of hets (25-75th percentile)
0.000000	4	0.000000	0.000000	0.000000
0.002755	265	0.000000	0.000000	0.000000
0.005510	95	0.000000	0.000000	0.010000
0.008264	108	0.000000	0.000000	0.010000
0.011019	39	0.010000	0.020000	0.020000
0.013774	20	0.010000	0.020000	0.020000
0.016529	14	0.020000	0.030000	0.030000
0.019284	19	0.020000	0.030000	0.030000
0.022039	13	0.030000	0.030000	0.040000
0.024793	14	0.000000	0.020000	0.040000
0.027548	3	0.020000	0.040000	0.070000
0.030303	7	0.010000	0.020000	0.040000
0.033058	16	0.020000	0.030000	0.050000
0.035813	11	0.000000	0.020000	0.050000
0.038567	11	0.000000	0.030000	0.060000
0.041322	9	0.000000	0.010000	0.030000
0.044077	10	0.000000	0.010000	0.060000
0.046832	11	0.000000	0.000000	0.000000
0.049587	9	0.000000	0.000000	0.040000
0.052342	12	0.000000	0.000000	0.070000
0.055096	11	0.000000	0.000000	0.070000
0.057851	3	0.000000	0.000000	0.050000
0.060606	5	0.000000	0.070000	0.070000
0.063361	4	0.000000	0.050000	0.060000
0.066116	4	0.040000	0.040000	0.080000
0.068871	3	0.020000	0.030000	0.090000
0.071625	8	0.000000	0.010000	0.030000
0.074380	2	0.090000	0.090000	0.100000
0.077135	5	0.020000	0.030000	0.080000
0.079890	1	0.140000	0.140000	0.140000
0.082645	1	0.000000	0.000000	0.000000
0.085399	2	0.010000	0.010000	0.070000
0.088154	3	0.100000	0.100000	0.110000
0.090909	6	0.010000	0.020000	0.060000
0.093664	5	0.040000	0.100000	0.110000
0.096419	2	0.020000	0.020000	0.120000
0.099174	2	0.000000	0.000000	0.020000
0.101928	7	0.000000	0.020000	0.100000
0.104683	1	0.000000	0.000000	0.000000
0.107438	7	0.000000	0.030000	0.120000
0.110193	2	0.000000	0.000000	0.100000
0.112948	2	0.010000	0.010000	0.170000
0.115702	5	0.000000	0.000000	0.000000
0.118457	3	0.000000	0.000000	0.180000
0.121212	5	0.000000	0.000000	0.000000
0.123967	2	0.000000	0.000000	0.000000
0.126722	3	0.000000	0.000000	0.000000
0.129477	3	0.000000	0.000000	0.010000
0.132231	2	0.000000	0.000000	0.000000
0.134986	4	0.000000	0.000000	0.000000
0.137741	4	0.000000	0.000000	0.000000
0.140496	1	0.000000	0.000000	0.000000
0.143251	3	0.000000	0.000000	0.130000
0.146006	5	0.000000	0.000000	0.000000
0.148760	6	0.000000	0.000000	0.130000
0.151515	4	0.000000	0.000000	0.000000
0.154270	5	0.000000	0.000000	0.000000
0.157025	5	0.000000	0.000000	0.000000
0.159780	12	0.000000	0.000000	0.000000
0.162534	5	0.000000	0.000000	0.000000
0.165289	4	0.000000	0.000000	0.000000
0.168044	7	0.000000	0.000000	0.000000
0.170799	11	0.000000	0.000000	0.000000
0.173554	7	0.000000	0.000000	0.020000
0.176309	10	0.000000	0.000000	0.000000
0.179063	12	0.000000	0.000000	0.000000
0.181818	10	0.000000	0.000000	0.020000
0.184573	7	0.000000	0.000000	0.010000
0.187328	9	0.000000	0.000000	0.000000
0.190083	10	0.000000	0.000000	0.000000
0.192837	15	0.000000	0.000000	0.000000
0.195592	13	0.000000	0.000000	0.000000
0.198347	13	0.000000	0.000000	0.000000
0.201102	5	0.000000	0.000000	0.020000
0.203857	9	0.000000	0.000000	0.000000
0.206612	14	0.000000	0.000000	0.000000
0.209366	18	0.000000	0.000000	0.000000
0.212121	10	0.000000	0.000000	0.000000
0.214876	10	0.000000	0.000000	0.000000
0.217631	12	0.000000	0.000000	0.000000
0.220386	13	0.000000	0.000000	0.000000
0.223140	7	0.000000	0.000000	0.000000
0.225895	12	0.000000	0.000000	0.000000
0.228650	4	0.000000	0.000000	0.000000
0.231405	5	0.000000	0.000000	0.000000
0.234160	4	0.000000	0.000000	0.000000
0.236915	6	0.000000	0.000000	0.000000
0.239669	2	0.000000	0.000000	0.000000
0.247934	1	0.000000	0.000000	0.000000
0.250689	1	0.020000	0.020000	0.020000
0.253444	2	0.000000	0.000000	0.010000
0.258953	1	0.000000	0.000000	0.000000
0.267218	3	0.010000	0.040000	0.220000
0.269972	2	0.040000	0.040000	0.110000
0.327824	1	0.110000	0.110000	0.110000
0.341598	1	0.060000	0.060000	0.060000
0.344353	1	0.000000	0.000000	0.000000
0.349862	1	0.000000	0.000000	0.000000
0.352617	1	0.000000	0.000000	0.000000
0.360882	1	0.000000	0.000000	0.000000
0.366391	2	0.000000	0.000000	0.050000
0.369146	2	0.040000	0.040000	0.210000
0.391185	1	0.070000	0.070000	0.070000
0.410468	1	0.100000	0.100000	0.100000
0.415978	1	0.080000	0.080000	0.080000
0.438017	1	0.140000	0.140000	0.140000
0.482094	1	0.160000	0.160000	0.160000
0.484848	1	0.620000	0.620000	0.620000
0.487603	2	0.130000	0.130000	0.130000
0.504132	1	0.120000	0.120000	0.120000
0.542700	1	0.010000	0.010000	0.010000
0.578512	1	0.000000	0.000000	0.000000
0.589532	1	0.010000	0.010000	0.010000
0.595041	2	0.000000	0.000000	0.030000
0.597796	1	0.060000	0.060000	0.060000
0.600551	1	0.000000	0.000000	0.000000
0.603306	1	0.010000	0.010000	0.010000
0.606061	1	0.040000	0.040000	0.040000
0.611570	1	0.000000	0.000000	0.000000
0.617080	1	0.000000	0.000000	0.000000
0.619835	1	0.000000	0.000000	0.000000
0.628099	1	0.000000	0.000000	0.000000
0.633609	1	0.010000	0.010000	0.010000
0.655647	1	0.000000	0.000000	0.000000
0.672176	1	0.120000	0.120000	0.120000
0.694215	1	0.030000	0.030000	0.030000
0.746556	1	0.020000	0.020000	0.020000
0.790634	1	0.000000	0.000000	0.000000
0.793388	1	0.000000	0.000000	0.000000
0.796143	1	0.000000	0.000000	0.000000
0.798898	1	0.000000	0.000000	0.000000
0.801653	1	0.000000	0.000000	0.000000
0.804408	2	0.000000	0.000000	0.000000
0.807163	3	0.000000	0.000000	0.010000
0.809917	2	0.000000	0.000000	0.000000
0.812672	5	0.000000	0.000000	0.000000
0.815427	3	0.000000	0.000000	0.000000
0.818182	1	0.000000	0.000000	0.000000
0.831956	2	0.000000	0.000000	0.000000
0.834711	2	0.000000	0.000000	0.020000
0.856749	1	0.000000	0.000000	0.000000
0.884298	1	0.000000	0.000000	0.000000
0.911846	1	0.040000	0.040000	0.040000
0.922865	1	0.050000	0.050000	0.050000
0.950413	1	0.020000	0.020000	0.020000
0.953168	1	0.030000	0.030000	0.030000
0.961433	2	0.020000	0.020000	0.040000
0.972452	1	0.000000	0.000000	0.000000
0.977961	1	0.020000	0.020000	0.020000
0.983471	1	0.020000	0.020000	0.020000
0.986226	1	0.010000	0.010000	0.010000
0.988981	1	0.000000	0.000000	0.000000
0.997245	2	0.000000	0.000000	0.000000
