# [1]Allele Frequency	[2]Depth	[3]Number of hets (median)	[4]Number of hets (25-75th percentile)
0.000000	23	0.000000	0.000000	0.000000
0.003497	475	0.000000	0.000000	0.010000
0.006993	196	0.010000	0.010000	0.010000
0.010490	113	0.010000	0.020000	0.020000
0.013986	97	0.020000	0.020000	0.030000
0.017483	64	0.020000	0.030000	0.030000
0.020979	61	0.030000	0.030000	0.040000
0.024476	48	0.030000	0.040000	0.040000
0.027972	38	0.030000	0.040000	0.050000
0.031469	34	0.040000	0.050000	0.050000
0.034965	19	0.040000	0.050000	0.060000
0.038462	31	0.040000	0.050000	0.060000
0.041958	21	0.060000	0.070000	0.070000
0.045455	17	0.060000	0.070000	0.080000
0.048951	14	0.050000	0.050000	0.080000
0.052448	19	0.020000	0.070000	0.080000
0.055944	19	0.010000	0.080000	0.100000
0.059441	14	0.020000	0.040000	0.070000
0.062937	9	0.070000	0.090000	0.110000
0.066434	8	0.040000	0.100000	0.110000
0.069930	13	0.060000	0.090000	0.110000
0.073427	11	0.060000	0.090000	0.140000
0.076923	9	0.040000	0.070000	0.080000
0.080420	9	0.100000	0.110000	0.120000
0.083916	6	0.060000	0.090000	0.120000
0.087413	10	0.050000	0.090000	0.140000
0.090909	6	0.080000	0.080000	0.140000
0.094406	10	0.070000	0.090000	0.120000
0.097902	2	0.120000	0.120000	0.140000
0.101399	4	0.070000	0.080000	0.120000
0.104895	5	0.090000	0.090000	0.110000
0.108392	12	0.080000	0.120000	0.150000
0.111888	7	0.080000	0.130000	0.140000
0.118881	6	0.120000	0.130000	0.170000
0.122378	2	0.000000	0.000000	0.140000
0.125874	2	0.040000	0.040000	0.120000
0.129371	7	0.030000	0.060000	0.160000
0.132867	2	0.060000	0.060000	0.200000
0.136364	3	0.110000	0.160000	0.170000
0.139860	2	0.010000	0.010000	0.050000
0.143357	5	0.120000	0.160000	0.190000
0.146853	3	0.100000	0.140000	0.160000
0.150350	2	0.150000	0.150000	0.190000
0.153846	7	0.030000	0.170000	0.220000
0.157343	3	0.000000	0.030000	0.160000
0.160839	4	0.010000	0.050000	0.140000
0.164336	6	0.000000	0.010000	0.150000
0.167832	10	0.000000	0.070000	0.190000
0.171329	6	0.040000	0.120000	0.140000
0.174825	5	0.010000	0.010000	0.130000
0.178322	7	0.020000	0.090000	0.160000
0.181818	10	0.050000	0.110000	0.170000
0.185315	6	0.000000	0.000000	0.010000
0.188811	7	0.000000	0.000000	0.140000
0.192308	6	0.010000	0.010000	0.140000
0.195804	6	0.010000	0.110000	0.260000
0.199301	7	0.000000	0.000000	0.140000
0.202797	5	0.000000	0.030000	0.190000
0.206294	7	0.000000	0.000000	0.020000
0.209790	3	0.000000	0.000000	0.020000
0.213287	8	0.000000	0.000000	0.170000
0.216783	10	0.000000	0.000000	0.020000
0.220280	11	0.000000	0.020000	0.100000
0.223776	8	0.000000	0.000000	0.010000
0.227273	10	0.000000	0.000000	0.010000
0.230769	15	0.000000	0.000000	0.010000
0.234266	14	0.000000	0.000000	0.000000
0.237762	9	0.000000	0.000000	0.000000
0.241259	8	0.000000	0.000000	0.140000
0.244755	4	0.000000	0.000000	0.120000
0.248252	6	0.000000	0.000000	0.000000
0.251748	2	0.180000	0.180000	0.180000
0.255245	3	0.000000	0.000000	0.140000
0.262238	1	0.140000	0.140000	0.140000
0.265734	3	0.030000	0.080000	0.170000
0.269231	2	0.000000	0.000000	0.150000
0.272727	1	0.470000	0.470000	0.470000
0.276224	1	0.550000	0.550000	0.550000
0.279720	3	0.150000	0.170000	0.210000
0.283217	1	0.150000	0.150000	0.150000
0.286713	1	0.320000	0.320000	0.320000
0.290210	1	0.480000	0.480000	0.480000
0.293706	1	0.170000	0.170000	0.170000
0.297203	1	0.060000	0.060000	0.060000
0.300699	1	0.050000	0.050000	0.050000
0.304196	3	0.040000	0.140000	0.180000
0.311189	2	0.210000	0.210000	0.280000
0.314685	1	0.240000	0.240000	0.240000
0.318182	1	0.130000	0.130000	0.130000
0.321678	2	0.590000	0.590000	0.630000
0.325175	1	0.170000	0.170000	0.170000
0.328671	1	0.000000	0.000000	0.000000
0.332168	4	0.050000	0.140000	0.180000
0.335664	2	0.170000	0.170000	0.210000
0.342657	3	0.120000	0.140000	0.650000
0.349650	3	0.110000	0.130000	0.200000
0.367133	1	0.100000	0.100000	0.100000
0.370629	1	0.170000	0.170000	0.170000
0.374126	3	0.160000	0.170000	0.220000
0.377622	1	0.090000	0.090000	0.090000
0.384615	1	0.120000	0.120000	0.120000
0.388112	2	0.100000	0.100000	0.120000
0.398601	2	0.110000	0.110000	0.150000
0.409091	2	0.000000	0.000000	0.220000
0.416084	1	0.040000	0.040000	0.040000
0.419580	2	0.030000	0.030000	0.050000
0.426573	2	0.100000	0.100000	0.310000
0.430070	2	0.000000	0.000000	0.020000
0.433566	1	0.000000	0.000000	0.000000
0.437063	3	0.000000	0.020000	0.140000
0.440559	2	0.000000	0.000000	0.050000
0.444056	2	0.000000	0.000000	0.040000
0.447552	2	0.030000	0.030000	0.290000
0.451049	4	0.000000	0.010000	0.080000
0.454545	2	0.120000	0.120000	0.310000
0.465035	3	0.000000	0.080000	0.120000
0.468531	2	0.140000	0.140000	0.220000
0.472028	1	0.170000	0.170000	0.170000
0.482517	2	0.000000	0.000000	0.070000
0.489510	2	0.070000	0.070000	0.080000
0.493007	2	0.020000	0.020000	0.110000
0.503497	4	0.110000	0.110000	0.900000
0.510490	1	0.040000	0.040000	0.040000
0.513986	1	0.100000	0.100000	0.100000
0.517483	2	0.130000	0.130000	0.310000
0.520979	2	0.170000	0.170000	0.230000
0.524476	1	0.860000	0.860000	0.860000
0.552448	1	0.120000	0.120000	0.120000
0.559441	1	0.000000	0.000000	0.000000
0.569930	2	0.170000	0.170000	0.220000
0.590909	1	0.180000	0.180000	0.180000
0.594406	1	0.000000	0.000000	0.000000
0.604895	1	0.300000	0.300000	0.300000
0.611888	1	0.130000	0.130000	0.130000
0.615385	3	0.000000	0.130000	0.140000
0.618881	2	0.240000	0.240000	0.730000
0.622378	1	0.180000	0.180000	0.180000
0.625874	1	0.000000	0.000000	0.000000
0.639860	1	0.180000	0.180000	0.180000
0.646853	2	0.000000	0.000000	0.120000
0.650350	2	0.150000	0.150000	0.270000
0.653846	1	0.150000	0.150000	0.150000
0.660839	2	0.010000	0.010000	0.160000
0.667832	2	0.100000	0.100000	0.130000
0.671329	1	0.040000	0.040000	0.040000
0.674825	1	0.040000	0.040000	0.040000
0.678322	2	0.140000	0.140000	0.550000
0.681818	3	0.020000	0.110000	0.200000
0.685315	1	0.130000	0.130000	0.130000
0.692308	1	0.170000	0.170000	0.170000
0.695804	1	0.070000	0.070000	0.070000
0.699301	1	0.080000	0.080000	0.080000
0.702797	4	0.030000	0.060000	0.090000
0.706294	1	0.060000	0.060000	0.060000
0.713287	2	0.080000	0.080000	0.100000
0.716783	1	0.120000	0.120000	0.120000
0.720280	1	0.090000	0.090000	0.090000
0.734266	1	0.010000	0.010000	0.010000
0.741259	2	0.000000	0.000000	0.000000
0.744755	1	0.010000	0.010000	0.010000
0.748252	8	0.000000	0.040000	0.250000
0.751748	3	0.000000	0.000000	0.040000
0.755245	3	0.000000	0.000000	0.150000
0.758741	6	0.000000	0.000000	0.000000
0.762238	7	0.000000	0.000000	0.000000
0.765734	8	0.000000	0.000000	0.000000
0.769231	4	0.000000	0.000000	0.010000
0.772727	1	0.000000	0.000000	0.000000
0.776224	1	0.000000	0.000000	0.000000
0.779720	2	0.000000	0.000000	0.000000
0.783217	5	0.000000	0.000000	0.030000
0.786713	1	0.000000	0.000000	0.000000
0.800699	2	0.000000	0.000000	0.000000
0.811189	2	0.000000	0.000000	0.000000
0.814685	1	0.040000	0.040000	0.040000
0.828671	1	0.140000	0.140000	0.140000
0.832168	1	0.000000	0.000000	0.000000
0.835664	1	0.200000	0.200000	0.200000
0.839161	1	0.000000	0.000000	0.000000
0.842657	1	0.000000	0.000000	0.000000
0.849650	1	0.110000	0.110000	0.110000
0.856643	2	0.000000	0.000000	0.070000
0.860140	1	0.040000	0.040000	0.040000
0.870629	1	0.120000	0.120000	0.120000
0.874126	1	0.030000	0.030000	0.030000
0.877622	3	0.060000	0.100000	0.210000
0.881119	2	0.000000	0.000000	0.130000
0.888112	1	0.000000	0.000000	0.000000
0.891608	1	0.200000	0.200000	0.200000
0.898601	4	0.000000	0.040000	0.080000
0.902098	2	0.050000	0.050000	0.100000
0.905594	2	0.000000	0.000000	0.110000
0.912587	3	0.000000	0.090000	0.150000
0.916084	2	0.060000	0.060000	0.120000
0.919580	1	0.000000	0.000000	0.000000
0.923077	3	0.000000	0.060000	0.100000
0.926573	1	0.000000	0.000000	0.000000
0.930070	1	0.080000	0.080000	0.080000
0.933566	1	0.000000	0.000000	0.000000
0.937063	2	0.060000	0.060000	0.090000
0.940559	2	0.070000	0.070000	0.080000
0.944056	1	0.060000	0.060000	0.060000
0.947552	1	0.070000	0.070000	0.070000
0.951049	4	0.040000	0.050000	0.060000
0.954545	2	0.050000	0.050000	0.050000
0.958042	6	0.000000	0.000000	0.050000
0.961538	3	0.040000	0.050000	0.050000
0.965035	2	0.030000	0.030000	0.040000
0.968531	5	0.000000	0.000000	0.000000
0.972028	8	0.000000	0.030000	0.040000
0.975524	7	0.000000	0.020000	0.030000
0.979021	12	0.000000	0.010000	0.020000
0.982517	15	0.000000	0.010000	0.020000
0.986014	27	0.000000	0.010000	0.010000
0.989510	99	0.000000	0.000000	0.000000
0.993007	200	0.000000	0.000000	0.000000
0.996503	1365	0.000000	0.000000	0.000000
