# [1]Allele Frequency	[2]Depth	[3]Number of hets (median)	[4]Number of hets (25-75th percentile)
0.000000	60	0.000000	0.000000	0.000000
0.003509	1569	0.000000	0.000000	0.010000
0.007018	582	0.010000	0.010000	0.010000
0.010526	357	0.010000	0.020000	0.020000
0.014035	289	0.020000	0.020000	0.030000
0.017544	186	0.020000	0.030000	0.030000
0.021053	170	0.030000	0.030000	0.040000
0.024561	128	0.030000	0.040000	0.050000
0.028070	125	0.030000	0.040000	0.050000
0.031579	119	0.040000	0.050000	0.050000
0.035088	96	0.040000	0.050000	0.060000
0.038596	50	0.040000	0.060000	0.070000
0.042105	65	0.040000	0.060000	0.070000
0.045614	65	0.030000	0.070000	0.080000
0.049123	51	0.050000	0.070000	0.080000
0.052632	61	0.020000	0.060000	0.080000
0.056140	66	0.000000	0.030000	0.080000
0.059649	61	0.000000	0.040000	0.080000
0.063158	54	0.010000	0.070000	0.090000
0.066667	45	0.060000	0.090000	0.100000
0.070175	29	0.060000	0.090000	0.110000
0.073684	30	0.070000	0.100000	0.110000
0.077193	27	0.060000	0.100000	0.110000
0.080702	23	0.070000	0.090000	0.110000
0.084211	23	0.070000	0.100000	0.110000
0.087719	21	0.080000	0.110000	0.130000
0.091228	16	0.100000	0.120000	0.130000
0.094737	29	0.080000	0.120000	0.140000
0.098246	26	0.090000	0.120000	0.140000
0.101754	20	0.090000	0.110000	0.130000
0.105263	11	0.080000	0.120000	0.140000
0.108772	14	0.120000	0.120000	0.130000
0.112281	21	0.060000	0.120000	0.140000
0.115789	15	0.070000	0.120000	0.160000
0.119298	18	0.080000	0.130000	0.160000
0.122807	19	0.120000	0.160000	0.180000
0.126316	12	0.120000	0.150000	0.160000
0.129825	14	0.100000	0.130000	0.160000
0.133333	10	0.120000	0.160000	0.190000
0.136842	10	0.100000	0.150000	0.160000
0.140351	15	0.130000	0.150000	0.170000
0.143860	6	0.100000	0.120000	0.150000
0.147368	11	0.130000	0.150000	0.170000
0.150877	9	0.120000	0.140000	0.150000
0.154386	17	0.100000	0.140000	0.150000
0.157895	7	0.130000	0.140000	0.220000
0.161404	16	0.130000	0.140000	0.170000
0.164912	6	0.130000	0.160000	0.180000
0.168421	7	0.110000	0.150000	0.190000
0.171930	4	0.080000	0.090000	0.090000
0.175439	8	0.160000	0.160000	0.220000
0.178947	11	0.130000	0.170000	0.190000
0.182456	12	0.120000	0.170000	0.210000
0.185965	10	0.120000	0.140000	0.180000
0.189474	8	0.150000	0.160000	0.180000
0.192982	6	0.120000	0.160000	0.190000
0.196491	5	0.120000	0.130000	0.180000
0.200000	6	0.140000	0.170000	0.200000
0.203509	8	0.050000	0.150000	0.200000
0.207018	6	0.130000	0.140000	0.240000
0.210526	8	0.140000	0.160000	0.180000
0.214035	6	0.140000	0.150000	0.250000
0.217544	9	0.130000	0.210000	0.220000
0.221053	4	0.040000	0.200000	0.230000
0.224561	6	0.130000	0.150000	0.200000
0.228070	6	0.090000	0.120000	0.130000
0.231579	8	0.110000	0.130000	0.250000
0.235088	7	0.140000	0.150000	0.220000
0.238596	6	0.080000	0.100000	0.160000
0.242105	7	0.150000	0.220000	0.280000
0.245614	4	0.110000	0.110000	0.180000
0.249123	4	0.140000	0.180000	0.260000
0.252632	5	0.130000	0.170000	0.220000
0.256140	6	0.080000	0.130000	0.210000
0.259649	6	0.150000	0.160000	0.180000
0.263158	2	0.170000	0.170000	0.310000
0.266667	3	0.200000	0.230000	0.300000
0.270175	6	0.120000	0.150000	0.200000
0.273684	2	0.160000	0.160000	0.190000
0.277193	5	0.090000	0.180000	0.190000
0.280702	2	0.020000	0.020000	0.150000
0.284211	3	0.080000	0.160000	0.200000
0.287719	9	0.100000	0.180000	0.180000
0.291228	5	0.070000	0.070000	0.280000
0.294737	4	0.010000	0.060000	0.170000
0.298246	3	0.100000	0.100000	0.190000
0.301754	4	0.190000	0.200000	0.280000
0.305263	5	0.170000	0.200000	0.270000
0.308772	3	0.100000	0.110000	0.360000
0.312281	7	0.000000	0.140000	0.270000
0.315789	2	0.000000	0.000000	0.330000
0.319298	2	0.000000	0.000000	0.210000
0.322807	2	0.090000	0.090000	0.250000
0.326316	8	0.010000	0.120000	0.140000
0.329825	6	0.110000	0.150000	0.170000
0.333333	8	0.010000	0.090000	0.160000
0.336842	3	0.150000	0.260000	0.660000
0.340351	1	0.110000	0.110000	0.110000
0.343860	4	0.100000	0.140000	0.200000
0.347368	3	0.060000	0.120000	0.300000
0.350877	9	0.120000	0.170000	0.180000
0.354386	1	0.070000	0.070000	0.070000
0.357895	4	0.110000	0.120000	0.220000
0.361404	3	0.060000	0.100000	0.140000
0.364912	3	0.080000	0.090000	0.170000
0.368421	5	0.030000	0.080000	0.260000
0.371930	4	0.060000	0.120000	0.310000
0.375439	3	0.080000	0.100000	0.140000
0.382456	6	0.170000	0.210000	0.290000
0.385965	4	0.060000	0.090000	0.090000
0.389474	5	0.050000	0.080000	0.130000
0.392982	5	0.100000	0.120000	0.290000
0.396491	2	0.030000	0.030000	0.080000
0.400000	3	0.100000	0.150000	0.230000
0.403509	2	0.070000	0.070000	0.280000
0.407018	4	0.040000	0.140000	0.340000
0.410526	3	0.000000	0.070000	0.210000
0.414035	5	0.010000	0.110000	0.180000
0.417544	3	0.000000	0.000000	0.040000
0.421053	5	0.010000	0.010000	0.010000
0.424561	3	0.000000	0.060000	0.240000
0.428070	7	0.000000	0.000000	0.190000
0.431579	7	0.000000	0.020000	0.090000
0.435088	8	0.000000	0.010000	0.010000
0.438596	12	0.000000	0.000000	0.140000
0.442105	9	0.000000	0.000000	0.000000
0.445614	14	0.000000	0.000000	0.000000
0.449123	10	0.010000	0.060000	0.150000
0.452632	12	0.000000	0.010000	0.020000
0.456140	6	0.010000	0.060000	0.060000
0.459649	2	0.000000	0.000000	0.030000
0.463158	5	0.000000	0.010000	0.020000
0.466667	4	0.000000	0.000000	0.230000
0.470175	6	0.000000	0.040000	0.290000
0.473684	7	0.020000	0.130000	0.290000
0.477193	5	0.020000	0.060000	0.070000
0.480702	7	0.000000	0.050000	0.060000
0.484211	3	0.060000	0.270000	0.300000
0.487719	3	0.010000	0.070000	0.270000
0.491228	3	0.160000	0.190000	0.200000
0.494737	2	0.010000	0.010000	0.130000
0.498246	5	0.060000	0.080000	0.090000
0.501754	2	0.020000	0.020000	0.070000
0.505263	3	0.040000	0.110000	0.220000
0.508772	2	0.090000	0.090000	0.100000
0.512281	5	0.120000	0.140000	0.210000
0.515789	4	0.090000	0.210000	0.210000
0.519298	6	0.120000	0.120000	0.180000
0.522807	4	0.070000	0.100000	0.230000
0.529825	2	0.090000	0.090000	0.140000
0.533333	3	0.080000	0.170000	0.290000
0.536842	3	0.050000	0.060000	0.220000
0.540351	2	0.120000	0.120000	0.160000
0.543860	2	0.030000	0.030000	0.160000
0.547368	3	0.110000	0.120000	0.160000
0.550877	3	0.120000	0.130000	0.240000
0.554386	2	0.210000	0.210000	0.240000
0.557895	3	0.060000	0.120000	0.160000
0.564912	2	0.230000	0.230000	0.260000
0.568421	3	0.130000	0.150000	0.240000
0.571930	2	0.150000	0.150000	0.170000
0.575439	2	0.100000	0.100000	0.450000
0.578947	2	0.070000	0.070000	0.220000
0.582456	2	0.160000	0.160000	0.190000
0.585965	1	0.180000	0.180000	0.180000
0.589474	5	0.120000	0.150000	0.170000
0.592982	3	0.140000	0.250000	0.350000
0.596491	2	0.100000	0.100000	0.220000
0.600000	3	0.120000	0.150000	0.160000
0.603509	3	0.140000	0.150000	0.240000
0.607018	3	0.100000	0.120000	0.210000
0.610526	1	0.040000	0.040000	0.040000
0.614035	3	0.130000	0.160000	0.170000
0.617544	2	0.180000	0.180000	0.210000
0.621053	2	0.080000	0.080000	0.140000
0.624561	2	0.110000	0.110000	0.170000
0.628070	3	0.130000	0.160000	0.160000
0.635088	2	0.130000	0.130000	0.170000
0.638596	4	0.110000	0.130000	0.150000
0.642105	2	0.180000	0.180000	0.200000
0.645614	1	0.140000	0.140000	0.140000
0.649123	3	0.080000	0.120000	0.140000
0.652632	1	0.230000	0.230000	0.230000
0.656140	4	0.050000	0.140000	0.150000
0.659649	3	0.120000	0.150000	0.160000
0.663158	1	0.110000	0.110000	0.110000
0.666667	2	0.010000	0.010000	0.130000
0.670175	5	0.110000	0.110000	0.120000
0.673684	3	0.100000	0.110000	0.150000
0.677193	2	0.070000	0.070000	0.140000
0.680702	4	0.090000	0.100000	0.110000
0.684211	2	0.110000	0.110000	0.130000
0.687719	3	0.090000	0.100000	0.110000
0.691228	1	0.110000	0.110000	0.110000
0.694737	3	0.020000	0.110000	0.120000
0.698246	2	0.030000	0.030000	0.110000
0.701754	1	0.120000	0.120000	0.120000
0.705263	1	0.060000	0.060000	0.060000
0.708772	2	0.070000	0.070000	0.070000
0.712281	2	0.070000	0.070000	0.080000
0.715789	7	0.050000	0.070000	0.090000
0.719298	11	0.050000	0.080000	0.090000
0.722807	7	0.000000	0.070000	0.070000
0.726316	8	0.010000	0.050000	0.070000
0.729825	10	0.000000	0.000000	0.060000
0.733333	9	0.000000	0.000000	0.000000
0.736842	7	0.000000	0.010000	0.020000
0.740351	13	0.000000	0.000000	0.010000
0.743860	14	0.000000	0.000000	0.010000
0.747368	34	0.000000	0.000000	0.000000
0.750877	50	0.000000	0.000000	0.010000
0.754386	58	0.000000	0.000000	0.010000
0.757895	78	0.000000	0.000000	0.000000
0.761404	90	0.000000	0.000000	0.000000
0.764912	76	0.000000	0.000000	0.000000
0.768421	85	0.000000	0.000000	0.000000
0.771930	44	0.000000	0.000000	0.000000
0.775439	36	0.000000	0.000000	0.000000
0.778947	26	0.000000	0.000000	0.010000
0.782456	27	0.000000	0.000000	0.000000
0.785965	18	0.000000	0.000000	0.010000
0.789474	16	0.000000	0.000000	0.020000
0.792982	7	0.000000	0.000000	0.010000
0.796491	6	0.000000	0.000000	0.020000
0.800000	6	0.000000	0.010000	0.020000
0.803509	12	0.000000	0.000000	0.000000
0.807018	8	0.000000	0.000000	0.030000
0.810526	12	0.000000	0.000000	0.000000
0.814035	8	0.000000	0.000000	0.020000
0.817544	12	0.000000	0.000000	0.010000
0.821053	14	0.000000	0.000000	0.010000
0.824561	12	0.000000	0.000000	0.020000
0.828070	8	0.000000	0.020000	0.040000
0.831579	12	0.000000	0.010000	0.030000
0.835088	5	0.000000	0.000000	0.020000
0.838596	7	0.000000	0.020000	0.070000
0.842105	3	0.010000	0.050000	0.060000
0.845614	9	0.000000	0.050000	0.060000
0.849123	3	0.040000	0.060000	0.090000
0.852632	1	0.100000	0.100000	0.100000
0.856140	4	0.020000	0.020000	0.040000
0.859649	3	0.000000	0.000000	0.060000
0.863158	6	0.020000	0.050000	0.070000
0.866667	2	0.030000	0.030000	0.040000
0.870175	4	0.060000	0.070000	0.080000
0.873684	3	0.000000	0.060000	0.070000
0.877193	3	0.040000	0.060000	0.100000
0.880702	2	0.080000	0.080000	0.110000
0.884211	4	0.000000	0.020000	0.040000
0.887719	8	0.040000	0.070000	0.080000
0.891228	4	0.040000	0.080000	0.090000
0.894737	6	0.040000	0.050000	0.070000
0.898246	2	0.050000	0.050000	0.080000
0.901754	4	0.050000	0.080000	0.090000
0.905263	4	0.050000	0.060000	0.080000
0.908772	3	0.000000	0.030000	0.070000
0.912281	3	0.000000	0.010000	0.030000
0.915789	4	0.040000	0.060000	0.070000
0.919298	5	0.020000	0.020000	0.030000
0.922807	6	0.000000	0.010000	0.020000
0.926316	5	0.040000	0.050000	0.050000
0.929825	5	0.030000	0.030000	0.050000
0.933333	8	0.050000	0.060000	0.080000
0.936842	1	0.040000	0.040000	0.040000
0.940351	2	0.020000	0.020000	0.020000
0.943860	5	0.030000	0.040000	0.040000
0.947368	3	0.010000	0.040000	0.040000
0.950877	4	0.030000	0.040000	0.040000
0.954386	3	0.020000	0.050000	0.050000
0.957895	8	0.030000	0.030000	0.040000
0.961404	2	0.000000	0.000000	0.020000
0.964912	6	0.030000	0.030000	0.040000
0.968421	4	0.020000	0.020000	0.030000
0.971930	3	0.020000	0.020000	0.030000
0.975439	6	0.020000	0.020000	0.030000
0.978947	2	0.030000	0.030000	0.030000
0.982456	4	0.010000	0.020000	0.020000
0.985965	3	0.010000	0.010000	0.020000
0.989474	4	0.000000	0.000000	0.000000
0.992982	4	0.000000	0.000000	0.000000
0.996491	11	0.000000	0.000000	0.000000
