
  Processing 3 populations - ['titia-SAtl', 'titia-NAtl', 'titia-Pac']

    Running preview mode. We will print out the results for # of segregating sites
    for multiple values of projecting down for each population. The dadi
    manual recommends maximizing the # of seg sites for projections, but also
    a balance must be struck between # of seg sites and sample size.

    For each population you should choose the value of the projection that looks
    best and then rerun easySFS with the `--proj` flag.
    
titia-SAtl
(2, 392)	(3, 588)	(4, 721)	(5, 823)	(6, 905)	(7, 974)	(8, 1034)	(9, 1086)	(10, 1131)	(11, 1173)	(12, 1210)	(13, 1243)	(14, 1274)	(15, 1302)	(16, 1328)	(17, 1351)	(18, 1373)	(19, 1394)	(20, 1413)	(21, 1430)	(22, 1447)	(23, 1462)	(24, 1477)	(25, 1490)	(26, 1503)	(27, 1515)	(28, 1527)	(29, 1537)	(30, 1547)	(31, 1557)	(32, 1566)	(33, 1574)	(34, 1582)	(35, 1590)	(36, 1597)	(37, 1604)	(38, 1611)	(39, 1617)	(40, 1623)	(41, 1629)	(42, 1634)	(43, 1639)	(44, 1644)	(45, 1649)	(46, 1653)	(47, 1657)	(48, 1662)	(49, 1665)	(50, 1669)	(51, 1673)	(52, 1676)	(53, 1679)	(54, 1683)	(55, 1686)	(56, 1689)	(57, 1690)	(58, 1693)	(59, 1696)	(60, 1698)	(61, 1701)	(62, 1703)	(63, 1705)	(64, 1707)	(65, 1707)	(66, 1710)	(67, 1711)	(68, 1713)	(69, 1712)	(70, 1714)	(71, 1715)	(72, 1716)	(73, 1713)	(74, 1715)	(75, 1715)	(76, 1717)	(77, 1715)	(78, 1716)	(79, 1709)	(80, 1710)	(81, 1700)	(82, 1702)	(83, 1683)	(84, 1684)	(85, 1661)	(86, 1662)	(87, 1628)	(88, 1629)	(89, 1568)	(90, 1569)	(91, 1489)	(92, 1489)	(93, 1389)	(94, 1390)	(95, 1239)	(96, 1239)	(97, 1029)	(98, 1029)	(99, 657)	(100, 657)	

titia-NAtl
(2, 203)	(3, 304)	(4, 371)	(5, 420)	(6, 459)	(7, 491)	(8, 518)	(9, 542)	(10, 562)	(11, 581)	(12, 597)	(13, 612)	(14, 626)	(15, 639)	(16, 651)	(17, 662)	(18, 672)	(19, 682)	(20, 691)	(21, 699)	(22, 707)	(23, 715)	(24, 722)	(25, 729)	(26, 735)	(27, 741)	(28, 747)	(29, 753)	(30, 759)	(31, 764)	(32, 769)	(33, 774)	(34, 778)	(35, 783)	(36, 787)	(37, 791)	(38, 795)	(39, 799)	(40, 803)	(41, 806)	(42, 810)	(43, 813)	(44, 816)	(45, 820)	(46, 823)	(47, 826)	(48, 829)	(49, 832)	(50, 834)	(51, 837)	(52, 840)	(53, 842)	(54, 845)	(55, 847)	(56, 850)	(57, 852)	(58, 854)	(59, 856)	(60, 859)	(61, 861)	(62, 863)	(63, 865)	(64, 867)	(65, 869)	(66, 871)	(67, 873)	(68, 875)	(69, 876)	(70, 878)	(71, 880)	(72, 882)	(73, 883)	(74, 885)	(75, 887)	(76, 888)	(77, 890)	(78, 891)	(79, 893)	(80, 894)	(81, 896)	(82, 897)	(83, 899)	(84, 900)	(85, 902)	(86, 903)	(87, 904)	(88, 906)	(89, 907)	(90, 908)	(91, 910)	(92, 911)	(93, 912)	(94, 914)	(95, 915)	(96, 916)	(97, 917)	(98, 919)	(99, 920)	(100, 921)	(101, 922)	(102, 923)	(103, 924)	(104, 925)	(105, 927)	(106, 928)	(107, 929)	(108, 930)	(109, 931)	(110, 932)	(111, 933)	(112, 934)	(113, 935)	(114, 936)	(115, 937)	(116, 938)	(117, 939)	(118, 940)	(119, 941)	(120, 942)	(121, 943)	(122, 944)	(123, 945)	(124, 946)	(125, 947)	(126, 948)	(127, 949)	(128, 950)	(129, 951)	(130, 952)	(131, 953)	(132, 954)	(133, 955)	(134, 956)	(135, 957)	(136, 958)	(137, 959)	(138, 960)	(139, 960)	(140, 961)	(141, 962)	(142, 963)	(143, 964)	(144, 965)	(145, 966)	(146, 967)	(147, 968)	(148, 968)	(149, 969)	(150, 970)	(151, 971)	(152, 972)	(153, 973)	(154, 974)	(155, 974)	(156, 975)	(157, 976)	(158, 977)	(159, 978)	(160, 979)	(161, 979)	(162, 980)	(163, 981)	(164, 982)	(165, 982)	(166, 982)	(167, 981)	(168, 982)	(169, 982)	(170, 983)	(171, 980)	(172, 981)	(173, 981)	(174, 982)	(175, 978)	(176, 978)	(177, 975)	(178, 976)	(179, 970)	(180, 970)	(181, 961)	(182, 962)	(183, 946)	(184, 946)	(185, 922)	(186, 923)	(187, 888)	(188, 889)	(189, 850)	(190, 850)	(191, 795)	(192, 795)	(193, 738)	(194, 738)	(195, 665)	(196, 665)	(197, 581)	(198, 581)	(199, 474)	(200, 474)	(201, 360)	(202, 360)	(203, 210)	(204, 210)	

titia-Pac
(2, 283)	(3, 424)	(4, 517)	(5, 586)	(6, 640)	(7, 684)	(8, 720)	(9, 751)	(10, 777)	(11, 799)	(12, 819)	(13, 836)	(14, 851)	(15, 865)	(16, 877)	(17, 888)	(18, 897)	(19, 906)	(20, 914)	(21, 922)	(22, 928)	(23, 935)	(24, 940)	(25, 946)	(26, 950)	(27, 955)	(28, 959)	(29, 963)	(30, 966)	(31, 970)	(32, 973)	(33, 975)	(34, 977)	(35, 980)	(36, 982)	(37, 985)	(38, 987)	(39, 989)	(40, 990)	(41, 992)	(42, 994)	(43, 995)	(44, 997)	(45, 997)	(46, 999)	(47, 1000)	(48, 1001)	(49, 1002)	(50, 1004)	(51, 1004)	(52, 1005)	(53, 1005)	(54, 1006)	(55, 1007)	(56, 1008)	(57, 1008)	(58, 1009)	(59, 1007)	(60, 1008)	(61, 1008)	(62, 1008)	(63, 1004)	(64, 1005)	(65, 1001)	(66, 1001)	(67, 995)	(68, 996)	(69, 987)	(70, 988)	(71, 977)	(72, 978)	(73, 971)	(74, 971)	(75, 966)	(76, 966)	(77, 943)	(78, 943)	(79, 917)	(80, 917)	(81, 882)	(82, 882)	(83, 828)	(84, 828)	(85, 725)	(86, 726)	(87, 569)	(88, 569)	(89, 439)	(90, 439)	(91, 254)	(92, 254)	

